EURUSD pass 1
EURUSD pass 2
                                   time     open     high      low    close  tick_volume  spread  real_volume      mm     mm7    mm15    mm25    mtum16     cci10    rsi10
DateTime
2022-08-01 16:10:00 2022-08-01 16:10:00  1.02436  1.02610  1.02402  1.02575          913       0            0  1.0258     NaN     NaN     NaN       NaN       NaN      NaN
2022-08-01 16:15:00 2022-08-01 16:15:00  1.02575  1.02627  1.02554  1.02608          861       0            0  1.0261     NaN     NaN     NaN       NaN       NaN      NaN
2022-08-01 16:20:00 2022-08-01 16:20:00  1.02608  1.02623  1.02499  1.02500          622       0            0  1.0250     NaN     NaN     NaN       NaN       NaN      NaN
2022-08-01 16:25:00 2022-08-01 16:25:00  1.02501  1.02531  1.02471  1.02495          661       0            0  1.0250     NaN     NaN     NaN       NaN       NaN      NaN
2022-08-01 16:30:00 2022-08-01 16:30:00  1.02495  1.02507  1.02398  1.02486         1048       0            0  1.0249     NaN     NaN     NaN       NaN       NaN      NaN
2022-08-01 16:35:00 2022-08-01 16:35:00  1.02482  1.02508  1.02440  1.02503          754       0            0  1.0250     NaN     NaN     NaN       NaN       NaN      NaN
2022-08-01 16:40:00 2022-08-01 16:40:00  1.02503  1.02520  1.02442  1.02499          665       0            0  1.0250  1.0252     NaN     NaN       NaN       NaN      NaN
2022-08-01 16:45:00 2022-08-01 16:45:00  1.02499  1.02570  1.02483  1.02537          889       0            0  1.0254  1.0252     NaN     NaN       NaN       NaN      NaN
2022-08-01 16:50:00 2022-08-01 16:50:00  1.02537  1.02544  1.02456  1.02531          741       0            0  1.0253  1.0251     NaN     NaN       NaN       NaN      NaN
2022-08-01 16:55:00 2022-08-01 16:55:00  1.02530  1.02563  1.02506  1.02536          645       0            0  1.0254  1.0251     NaN     NaN       NaN   40.6806      NaN
2022-08-01 17:00:00 2022-08-01 17:00:00  1.02535  1.02632  1.02335  1.02505         1557       0            0  1.0250  1.0251     NaN     NaN       NaN  -51.9138      NaN
2022-08-01 17:05:00 2022-08-01 17:05:00  1.02511  1.02592  1.02454  1.02517         1314       0            0  1.0252  1.0252     NaN     NaN       NaN   46.6354      NaN
2022-08-01 17:10:00 2022-08-01 17:10:00  1.02517  1.02659  1.02517  1.02633         1299       0            0  1.0263  1.0254     NaN     NaN       NaN  216.3882  58.9744
2022-08-01 17:15:00 2022-08-01 17:15:00  1.02634  1.02671  1.02571  1.02644         1147       0            0  1.0264  1.0256     NaN     NaN       NaN  176.2733  66.6667
2022-08-01 17:20:00 2022-08-01 17:20:00  1.02644  1.02702  1.02604  1.02624         1027       0            0  1.0262  1.0257  1.0255     NaN       NaN  136.0341  66.6667
2022-08-01 17:25:00 2022-08-01 17:25:00  1.02623  1.02646  1.02567  1.02605          993       0            0  1.0260  1.0258  1.0255     NaN       NaN   64.9936  66.6667
2022-08-01 17:30:00 2022-08-01 17:30:00  1.02605  1.02649  1.02584  1.02597          908       0            0  1.0260  1.0259  1.0255     NaN  100.0214   55.8201  66.6667
2022-08-01 17:35:00 2022-08-01 17:35:00  1.02596  1.02676  1.02594  1.02625         1043       0            0  1.0263  1.0261  1.0256     NaN  100.0166   70.2328  66.6667
2022-08-01 17:40:00 2022-08-01 17:40:00  1.02626  1.02691  1.02626  1.02691          795       0            0  1.0269  1.0263  1.0257     NaN  100.1863  107.0753  66.6667
2022-08-01 17:45:00 2022-08-01 17:45:00  1.02690  1.02747  1.02674  1.02744          777       0            0  1.0274  1.0265  1.0259     NaN  100.2429  156.8008  66.6667
2022-08-01 17:50:00 2022-08-01 17:50:00  1.02741  1.02748  1.02707  1.02742          896       0            0  1.0274  1.0266  1.0260     NaN  100.2498  144.9869  66.6667
2022-08-01 17:55:00 2022-08-01 17:55:00  1.02741  1.02751  1.02707  1.02728          932       0            0  1.0273  1.0268  1.0262     NaN  100.2195  106.8427  66.6667
2022-08-01 18:00:00 2022-08-01 18:00:00  1.02727  1.02748  1.02686  1.02700          750       0            0  1.0270  1.0269  1.0263     NaN  100.1961   64.6632  66.6667
2022-08-01 18:05:00 2022-08-01 18:05:00  1.02702  1.02706  1.02665  1.02686          745       0            0  1.0269  1.0270  1.0264     NaN  100.1453   18.5480  66.6667
2022-08-01 18:10:00 2022-08-01 18:10:00  1.02686  1.02728  1.02681  1.02719          627       0            0  1.0272  1.0272  1.0265  1.0260  100.1834   46.6299  66.6667
2022-08-01 18:15:00 2022-08-01 18:15:00  1.02721  1.02729  1.02689  1.02707          673       0            0  1.0271  1.0272  1.0266  1.0261  100.1668   35.0000  66.6667
2022-08-01 18:20:00 2022-08-01 18:20:00  1.02707  1.02742  1.02693  1.02732          652       0            0  1.0273  1.0272  1.0268  1.0261  100.2215   56.5161  66.6667
2022-08-01 18:25:00 2022-08-01 18:25:00  1.02731  1.02741  1.02709  1.02724          689       0            0  1.0272  1.0271  1.0268  1.0262  100.2019   60.8696  66.6667
2022-08-01 18:30:00 2022-08-01 18:30:00  1.02725  1.02750  1.02710  1.02741          518       0            0  1.0274  1.0272  1.0269  1.0263  100.1052   93.5535  66.6667
2022-08-01 18:35:00 2022-08-01 18:35:00  1.02741  1.02749  1.02733  1.02738          333       0            0  1.0274  1.0272  1.0270  1.0264  100.0916  106.2978  66.6667
2022-08-01 18:40:00 2022-08-01 18:40:00  1.02738  1.02752  1.02723  1.02745          485       0            0  1.0274  1.0273  1.0271  1.0265  100.1179   97.6096  66.6667
2022-08-01 18:45:00 2022-08-01 18:45:00  1.02744  1.02751  1.02719  1.02723          382       0            0  1.0272  1.0273  1.0272  1.0266  100.1150   50.9168  66.6667
2022-08-01 18:50:00 2022-08-01 18:50:00  1.02724  1.02737  1.02678  1.02687          477       0            0  1.0269  1.0273  1.0272  1.0266  100.0877  -84.8294  66.6667
2022-08-01 18:55:00 2022-08-01 18:55:00  1.02687  1.02692  1.02667  1.02683          562       0            0  1.0268  1.0272  1.0272  1.0267  100.0565 -165.6601  66.6667
2022-08-01 19:00:00 2022-08-01 19:00:00  1.02683  1.02726  1.02681  1.02720          519       0            0  1.0272  1.0272  1.0272  1.0268  100.0282  -43.1727  66.6667
2022-08-01 19:05:00 2022-08-01 19:05:00  1.02720  1.02733  1.02698  1.02702          437       0            0  1.0270  1.0271  1.0272  1.0269   99.9591  -36.4675  66.6667
2022-08-01 19:10:00 2022-08-01 19:10:00  1.02703  1.02736  1.02700  1.02716          462       0            0  1.0272  1.0271  1.0271  1.0269   99.9747   -6.4897  66.6667
2022-08-01 19:15:00 2022-08-01 19:15:00  1.02716  1.02726  1.02701  1.02719          417       0            0  1.0272  1.0271  1.0272  1.0270   99.9912  -11.5361  66.6667
2022-08-01 19:20:00 2022-08-01 19:20:00  1.02720  1.02742  1.02709  1.02715          416       0            0  1.0272  1.0271  1.0272  1.0270  100.0146   26.4339  66.6667
2022-08-01 19:25:00 2022-08-01 19:25:00  1.02716  1.02716  1.02627  1.02647          548       0            0  1.0265  1.0270  1.0271  1.0270   99.9620 -184.7211  50.0000
2022-08-01 19:30:00 2022-08-01 19:30:00  1.02649  1.02681  1.02629  1.02665          465       0            0  1.0266  1.0270  1.0271  1.0270   99.9474 -141.1192  50.0000
2022-08-01 19:35:00 2022-08-01 19:35:00  1.02664  1.02690  1.02664  1.02683          389       0            0  1.0268  1.0269  1.0271  1.0271   99.9766  -54.8246  50.0000
2022-08-01 19:40:00 2022-08-01 19:40:00  1.02683  1.02690  1.02654  1.02676          401       0            0  1.0268  1.0269  1.0270  1.0271   99.9455  -59.3939  50.0000
2022-08-01 19:45:00 2022-08-01 19:45:00  1.02675  1.02740  1.02675  1.02733          348       0            0  1.0273  1.0269  1.0270  1.0271  100.0088   58.2042  50.0000
2022-08-01 19:50:00 2022-08-01 19:50:00  1.02733  1.02750  1.02729  1.02746          321       0            0  1.0275  1.0270  1.0270  1.0271  100.0049  111.8819  50.0000
2022-08-01 19:55:00 2022-08-01 19:55:00  1.02746  1.02750  1.02726  1.02742          242       0            0  1.0274  1.0270  1.0270  1.0271  100.0039   89.9380  50.0000
2022-08-01 20:00:00 2022-08-01 20:00:00  1.02742  1.02744  1.02653  1.02661          492       0            0  1.0266  1.0270  1.0270  1.0271   99.9182  -32.6448  50.0000
2022-08-01 20:05:00 2022-08-01 20:05:00  1.02661  1.02682  1.02635  1.02668          297       0            0  1.0267  1.0270  1.0270  1.0271   99.9465  -75.6656  50.0000
2022-08-01 20:10:00 2022-08-01 20:10:00  1.02668  1.02670  1.02639  1.02646          397       0            0  1.0265  1.0270  1.0270  1.0271   99.9601  -86.7468  50.0000
2022-08-01 20:15:00 2022-08-01 20:15:00  1.02645  1.02656  1.02570  1.02582          504       0            0  1.0258  1.0268  1.0269  1.0270   99.9016 -164.0134  50.0000
2022-08-01 20:20:00 2022-08-01 20:20:00  1.02582  1.02602  1.02569  1.02600          411       0            0  1.0260  1.0266  1.0268  1.0270   99.8832 -146.1784  50.0000
2022-08-01 20:25:00 2022-08-01 20:25:00  1.02601  1.02604  1.02565  1.02571          415       0            0  1.0257  1.0264  1.0267  1.0269   99.8724 -119.5272  50.0000
2022-08-01 20:30:00 2022-08-01 20:30:00  1.02570  1.02593  1.02569  1.02579          324       0            0  1.0258  1.0262  1.0266  1.0268   99.8666  -92.1968  50.0000
2022-08-01 20:35:00 2022-08-01 20:35:00  1.02579  1.02591  1.02572  1.02578          324       0            0  1.0258  1.0260  1.0265  1.0268   99.8627  -74.4715  50.0000
2022-08-01 20:40:00 2022-08-01 20:40:00  1.02578  1.02584  1.02552  1.02561          297       0            0  1.0256  1.0259  1.0265  1.0267   99.8501  -79.5911  50.0000
2022-08-01 20:45:00 2022-08-01 20:45:00  1.02560  1.02561  1.02532  1.02557          360       0            0  1.0256  1.0258  1.0264  1.0266   99.9123  -99.0016  50.0000
2022-08-01 20:50:00 2022-08-01 20:50:00  1.02554  1.02577  1.02544  1.02572          321       0            0  1.0257  1.0257  1.0263  1.0266   99.9094  -68.5682  50.0000
2022-08-01 20:55:00 2022-08-01 20:55:00  1.02572  1.02597  1.02555  1.02595          319       0            0  1.0260  1.0257  1.0263  1.0265   99.9143   -8.9758  50.0000
2022-08-01 21:00:00 2022-08-01 21:00:00  1.02595  1.02624  1.02566  1.02573          432       0            0  1.0257  1.0257  1.0262  1.0265   99.8997   56.2613  50.0000
2022-08-01 21:05:00 2022-08-01 21:05:00  1.02573  1.02588  1.02554  1.02588          169       0            0  1.0259  1.0257  1.0260  1.0264   99.8589    6.3425  50.0000